1780806007797 1.0066200494766235 0
1780806007799 0.6761660575866699 1
1780806007800 0.6038894057273865 2
1780806007802 0.5676742792129517 3
1780806007804 0.5022570490837097 4
1780806007805 0.46349358558654785 5
1780806007807 0.45855915546417236 6
1780806007808 0.4256665110588074 7
1780806007810 0.4141990542411804 8
1780806007812 0.393980473279953 9
1780806007813 0.35528329014778137 10
1780806007815 0.3368431031703949 11
1780806007816 0.32477906346321106 12
1780806007818 0.31265297532081604 13
1780806007820 0.28375867009162903 14
1780806007821 0.7085433602333069 15
1780806007823 0.5557780861854553 16
1780806007824 0.5182121992111206 17
1780806007826 0.4615441560745239 18
1780806007827 0.4134065806865692 19
1780806007829 0.3918401598930359 20
1780806007830 0.3851136267185211 21
1780806007832 0.3733268678188324 22
1780806007833 0.3520928919315338 23
1780806007835 0.36245864629745483 24
1780806007837 0.348692387342453 25
