1780806007797 0.6461601257324219 0
1780806007799 0.7657364010810852 1
1780806007801 0.7944591641426086 2
1780806007802 0.8105520606040955 3
1780806007804 0.824200451374054 4
1780806007806 0.8474230766296387 5
1780806007807 0.839885950088501 6
1780806007809 0.8523120880126953 7
1780806007811 0.8512935638427734 8
1780806007812 0.865553081035614 9
1780806007814 0.87553471326828 10
1780806007815 0.8808311223983765 11
1780806007817 0.8826645016670227 12
1780806007818 0.8897942304611206 13
1780806007820 0.9005907773971558 14
1780806007822 0.7765328884124756 15
1780806007823 0.8142187595367432 16
1780806007825 0.8276634812355042 17
1780806007826 0.8445711731910706 18
1780806007828 0.8612751960754395 19
1780806007829 0.8653493523597717 20
1780806007831 0.8692197799682617 21
1780806007832 0.8663678765296936 22
1780806007834 0.8706457614898682 23
1780806007835 0.8698309063911438 24
1780806007837 0.87553471326828 25
