1780809307620 0.5133428573608398 0
1780809307622 0.7025870680809021 1
1780809307623 0.7423100471496582 2
1780809307625 0.7763292193412781 3
1780809307626 0.7920146584510803 4
1780809307628 0.8001629710197449 5
1780809307630 0.8182929158210754 6
1780809307631 0.8323487639427185 7
1780809307633 0.828070878982544 8
1780809307634 0.824811577796936 9
1780809307636 0.8400896191596985 10
1780809307637 0.8390710949897766 11
1780809307639 0.8451822996139526 12
1780809307641 0.8553677201271057 13
1780809307642 0.8604604005813599 14
1780809307644 0.742717444896698 15
1780809307645 0.7706253528594971 16
1780809307647 0.7905887365341187 17
1780809307649 0.8074964284896851 18
1780809307650 0.810755729675293 19
1780809307652 0.8148298859596252 20
1780809307653 0.8252189755439758 21
1780809307655 0.820330023765564 22
1780809307656 0.8252189755439758 23
1780809307658 0.8272560834884644 24
1780809307660 0.8402933478355408 25
