1780809307619 1.3337820768356323 0
1780809307621 0.856792151927948 1
1780809307623 0.740940511226654 2
1780809307624 0.6551570892333984 3
1780809307626 0.6291567087173462 4
1780809307628 0.5934044718742371 5
1780809307629 0.5415820479393005 6
1780809307631 0.515189528465271 7
1780809307632 0.5130389332771301 8
1780809307634 0.4954511821269989 9
1780809307636 0.4713312089443207 10
1780809307637 0.48564472794532776 11
1780809307639 0.45755618810653687 12
1780809307640 0.4341810643672943 13
1780809307642 0.42047277092933655 14
1780809307643 0.7949301600456238 15
1780809307645 0.6726093888282776 16
1780809307647 0.625354528427124 17
1780809307648 0.5759171843528748 18
1780809307650 0.5876786112785339 19
1780809307651 0.5674764513969421 20
1780809307653 0.532241940498352 21
1780809307654 0.5314897894859314 22
1780809307656 0.5219709873199463 23
1780809307658 0.5100097060203552 24
1780809307659 0.48121002316474915 25
